kinematics:
  shoulder:
    x: 0
    y: 0
    z: 0.16247206767678446
    roll: -0
    pitch: 0
    yaw: 7.9571713107462472e-10
  upper_arm:
    x: 0.00017374742233233854
    y: 0
    z: 0
    roll: 1.5705845864941828
    pitch: 0
    yaw: 4.6235699697978609e-06
  forearm:
    x: -0.42514019219524718
    y: 0
    z: 0
    roll: 3.1388920857102889
    pitch: 3.1409145821901414
    yaw: -3.1415866849990679
  wrist_1:
    x: -0.39275614403104137
    y: -0.00024704602590857943
    z: 0.13261683729677878
    roll: 0.0018628535046977183
    pitch: -0.0037125404566486181
    yaw: -3.2212838997791256e-06
  wrist_2:
    x: -3.3232217158675546e-05
    y: -0.099714928529962568
    z: 1.1198138392015031e-05
    roll: 1.5706840252718446
    pitch: 0
    yaw: -1.4027214140857611e-06
  wrist_3:
    x: 1.8625997685026501e-05
    y: 0.099518988932904937
    z: 0.00012873319589691088
    roll: 1.5720898801707397
    pitch: 3.1415926535897931
    yaw: 3.1415919211282621
  hash: calib_9022672061747313123